Mixture	B cells naive	B cells memory	Plasma cells	T cells CD8	T cells CD4 naive	T cells CD4 memory resting	T cells CD4 memory activated	T cells follicular helper	T cells regulatory (Tregs)	T cells gamma delta	NK cells resting	NK cells activated	Monocytes	Macrophages M0	Macrophages M1	Macrophages M2	Dendritic cells resting	Dendritic cells activated	Mast cells resting	Mast cells activated	Eosinophils	Neutrophils	P-value	Correlation	RMSE	Absolute score (sig.score)
X18RES04138_1R_T_S_R_RS_T	0	0.186402974483326	0	0.168670174759625	0.237610711212059	0.424668516944948	0.0409814099992982	0	0	0	0.0538440679155957	0	0.105765306261903	0	0.214892086047212	0.412207302789873	0.0432553713945668	0	0.099016244828887	0	0	0.00346772495700523	9999	0.348828380923383	0.9391998384314	1.9907818915943
X18RES13642_1R_T_S_R_RS_T	0.0280923177823175	0.0935666862664038	0	0.0303194376864101	0	0.270630278278851	0.0201952771213235	0.140152670360098	0	0	0.0715513050236041	0	0.0257675998029325	0.0389170844025685	0.133524487373971	0.694949118174804	0	0	0	0	0	0.019437325288522	9999	0.348098410510892	0.940925951224372	1.56710358756181
X18RES04220_1R_T_S_R_RS_T	0	0.0214242755988982	0	0.0492643192009837	0	0.160634552680398	0	0.0887577311668777	0	0	0.00602321860531715	0.0292996086429284	0.0777999276141512	0	0.0142923667697282	0.326236942379005	0	0	0.046530338164808	0	0.00423936859084319	0	9999	0.111444457995364	1.04033859785975	0.824502649413939
X18RES10409_1R_T_S_R_RS_T	0	0.0124788253922372	0	0.0378100393946151	0	0.112595226885241	0	0.0364746838452023	0	0	0.00661074711306891	0.0101038576310652	0.017918377498046	0.445247801335813	0.00333673481135059	0.488877228949508	0	0	0.0865378900343666	0	0	0	9999	0.4184273317105	0.920331846403085	1.25799141289051
X18RES10398_1R_T_S_R_RS_T	0.00431802620211472	0.0127363059621017	0	0.0227249204058021	0.0118211696245996	0.70640160453164	0	0.00544944855038009	0	0	0.0549140986764495	0.0306086590721401	0.115527867104673	0	0.0792490555397268	0.189236723889172	0.0154103919632961	5.33480725041407e-05	0.070885413888248	0	0.00757575559339874	0	9999	0.190027998963504	1.01917966667604	1.32691278907625
X18RES16182_1R_T_S_R_RS_T	0	0.0205694801081024	0	0.0533123040008855	0.0155010809298795	0.0548958620847287	0	0.0179481319376968	0	0	0.0420880071671195	0	0.0333420366962914	0	0.00139173796292439	0.306551801699336	0.00207589937043203	0	0.106158229053802	0	0	0	9999	0.0498320268858201	1.06786346172947	0.653834571011199
X18RES16169_1R_T_S_R_RS_T	0	0.0289483151244726	0	0.0446459317517552	0	0.0386144747046041	0	0.0748439999562983	0.00591771161471422	0	0	0.0506366941762139	0.0204025678879197	0.293185221705778	0.0282020604693954	0.149243594159656	0	0	0	0.0769722066590676	0	0	9999	0.342889099908916	0.95286400571822	0.811612778209875
X18RES16067_1R_T_S_R_RS_T	0	0.182727590954752	0	0.0596931905499391	0	0.370346363601914	0.0397288232754298	0.0625439824486318	0	0	0.0583449358652808	0	0.0308262412252493	0	0.0790857904002433	0.326144926507792	0	0	0.12614926701463	0	0	0	9999	0.163301153938964	1.01356913313368	1.33559111184386
X18RES13653_1R_T_S_R_RS_T	0	0.322682559949094	0	0.038758584567992	0.105809607846047	0.378079730056712	0.024497579513545	0	0	0	0.0389117643058804	0	0.0319956791038958	0.0307398094351304	0.0127942133369381	0.241754237662795	0	0	0.0381802136690058	0	0	0	9999	0.129952884701199	1.04287104112557	1.26420397944704
X18RES16061_1R_T_S_R_RS_T	0.00921281745994873	0.0664765075880254	0	0.0459163026328069	0	0.176262465001253	0	0.071404108127461	0	0	0	0	0.00413635743410678	0	0.019088616080969	0.544112294351167	0.0375948496305183	0	0.0470676466173134	0	0	0	9999	0.19705245861248	1.01217218157751	1.02127196492357
X18RES13656_1R_T_S_R_RS_T	0	0.840439772095441	0	0	0.0874977480570412	0.52304831223411	0.0500687073799505	0	0	0	0.107578624030978	0	0.00945489853512213	0.0108002263195371	0.00969406896686011	0.300134107846705	0	0.00305389236339233	0.0453080818456424	0	0	0	9999	0.416426869164921	0.914674495208262	1.98707843967478
X18RES04251_1R_T_S_R_RS_T	0.0140664407768488	0.046181866701116	0	0.0273392239280361	0	0.39243933007121	0.0191008474242848	0.0605764407039098	0	0	0.12017784639284	0	0.0262175421274307	0.0766836214695102	0.116756364414084	0.485828098048083	0	0.0887132972459291	0.126005861899032	0	0	0.00470801835596452	9999	0.175316045846697	1.00980137415027	1.60479479955828
X18RES16164_1R_T_S_R_RS_T	0	0.0156838513201303	0	0.0509429708936175	0	0.208234813968198	0	0	0	0	0.0120641843447615	0.0318034398504313	0.0542912113105133	0.0337141569798121	0.00563789797266277	0.153412094133873	0	0	0.0965282013573878	0	0.00742005249478014	0	9999	-0.0131418811667529	1.08598498852192	0.669732874626167
X18RES13652_1R_T_S_R_RS_T	0	0.0115052454282754	0	0.0259847931456225	0	0.0836013807458837	0	0.0460251671322804	0	0	0	0.0144953024920316	0.0190159613447109	0.0265212281072054	0	0.124302912092522	0	0	0.115427741119645	0	0.00404073565647995	0	9999	0.0110539089063901	1.07974165034338	0.470920467264656
X18RES10382_1R_T_S_R_RS_T	0	0.00837071521806915	0	0.070926159956592	0	0.14309303492708	0	0.00780746101555495	0	0	0.0223411171291288	0.00629687276924314	0.0190512917348456	0	0.00617996152622263	0.347077835198608	0	0	0.176201538451742	0	0	0	9999	0.0916773074143762	1.05231483188581	0.807345987927087
X18RES16068_1R_T_S_R_RS_T	0.00697294193870659	0.0458946272221746	0	0.0538658419587667	0	0.191595764310287	0	0.0342767287414686	0	0	0.0309502437907402	0.0101157063199958	0.0269295902293306	0.00707721467332942	0.0451808189571961	0.208928999636545	0.00545831066012116	0	0.0424017460197781	0	0	0	9999	0.0216977219888926	1.07167847718291	0.70964853445844
X18RES04885_1R_T_S_R_RS_T	0	0.0749218455396882	0	0.0669806995625721	0	0.3424232841437	0.0198603518502527	0.00161230289751767	0	0	0.0021579673168428	0.00932139040161242	0.11529300861596	0.023895379633964	0.0611340088002059	0.411506799825082	0.0783672272132947	0	0.0772286138946639	0	0	0	9999	0.196840079215277	1.00085425196138	1.28470287969536
X18RES10394_1R_T_S_R_RS_T	0.000916840004384278	0.0575599322417555	0	0.00300874546671263	0.0174036293750017	0.394557414192192	0.0102138903963082	0.00397040862922988	0	0	0.0793748002491497	0	0.0404574766428576	0	0.0978362472724036	0.569070815461098	0	0	0.160473166417095	0	0	0	9999	0.154182251773912	1.01992326621857	1.43484336634819
X18RES04401_1R_T_S_R_RS_T	0.00389836980874695	0.0185177984111389	0	0.0327648440357954	0	0.20440355760571	0	0	0	0	0.0353420425173559	0	0.0107116922242462	0	0.0445677738184957	0.218348907308188	0	0	0.156687379841806	0	0	0	9999	0.0483824577702112	1.06234245305918	0.725242365571483
X18RES04366_1R_T_S_R_RS_T	0	0.0175600844250024	0	0.0305956432718423	0.0285340542320136	0.0261132204612111	0	0.0879343099787549	0	0	0.0266514781087337	0.00293633013350983	0.0221285698943379	0.00678372624624353	0.0377471663110471	0.31529890955776	0.0123997925838519	0	0.0680213598748586	0	0	0	9999	0.0573131632755421	1.06292042142922	0.682704645079167
X18RES13639_1R_T_S_R_RS_T	0.0935159057794618	0.443064284256312	0	0	0.34185381002343	0.691797499074305	0.0422321275294085	0	0	0	0.064553906434136	0	0.0394170409650703	0.000345719634527988	0.0341944039804127	0.209152948123442	0	0	0.000718303853402266	0	0	0	9999	0.544305838290557	0.838839444255111	1.96084594965391
X18RES10403_1R_T_S_R_RS_T	0	0.0900415917903989	0	0.0780312091512982	0	0.274087585052909	0.0331012995898601	0.0304425346585146	0	0	0.0613430401822676	0	0.0178816581744296	0.193583893284054	0.0460808481422666	0.193960312116859	0	0	0.0230793237023876	0	0	0	9999	0.145095221372563	1.02882009550909	1.04163329584525
X18RES16043_1R_T_S_R_RS_T	0	0.105054948898709	0	0.0203514946292909	0	0.138892229333201	0	0.10909313338742	0	0	0.0426069468407985	0	0.0267776608508795	0	0.0161587137048556	0.389790090185898	0	0	0.283372917810162	0	0	0	9999	0.116824150419879	1.03616819346023	1.13209813564121
X18RES10389_1R_T_S_R_RS_T	0	0.000645236486862798	0.00072645872074177	0	0	0.235818021353211	0	0.0442080691622585	0	0	0	0.12994684248246	0.0345138960405829	0.0956939670581098	0.135535389996245	0.30259609959118	0	0.00891600932022478	0.164507487911748	0	0	0.00380709346568692	9999	0.217902137539779	0.996774155583233	1.15691457158931
X18RES04369_1R_T_S_R_RS_T	0.123756537515299	0.114327733008213	0	0.0128824235444995	0.184157442729565	0.651729896403036	0	0.0458430260399867	0	0	0.061680716932938	0	0.106438683258118	0	0.0780289428162746	0.483491811289106	0	0	0.0278170119140666	0.00209441210403807	0	0	9999	0.322555515629662	0.953205631730564	1.89224863755514
X18RES04371_1R_T_S_R_RS_T	0	0.125240974581649	0	0.175733852066921	0	0.488320321758805	0.0244676170480019	0.104108669005534	0	0	0.139863388809086	0	0.0168675816903059	0	0.0865496993787804	0.421656255206255	0.00706752071702972	0	0.0785144890283049	0	0	0	9999	0.269844662051345	0.975831375120637	1.66839036929067
X18RES10414_1R_T_S_R_RS_T	0	0.0133307224031537	0	0.00368693257784847	0	0.163247503465049	0	0.0133587644632376	0.00790317875002894	0	0.035274216692884	0	0	0	0.0426131753274397	0.393801464443821	0	0.00432697134628756	0.181747671249339	0	0	0.0138585966950356	9999	0.171340888199906	1.01849178384336	0.873149197414125
X18RES16168_1R_T_S_R_RS_T	0.0349466033916696	0.217646123387484	0	0.0793902466894313	0	0.289012528795859	0.019922159866504	0.134643747188135	0	0	0.0837278065782889	0	0.0475661786109226	0.0882943965155506	0.116387951934499	0.458150286987346	0	0	0.0367318005924529	0	0	0	9999	0.267249181606586	0.973397305991752	1.60641983053814
X18RES04364_1R_T_S_R_RS_T	0.0589644479708757	0.0639769465035034	0	0	0	0.180665519153354	0	0.0510066073477408	0	0	0.00122292398268176	0.0135832491098376	0	0.303764795292231	0.0529859864501363	0.275018984021613	0	0	0	0.090676231823243	0	0	9999	0.35725634370157	0.941018399065446	1.09186569165522
X18RES10402_1R_T_S_R_RS_T	0	0.0227563716957889	0.0154472372987487	0.0378779581781681	0	0	0	0.0991141552533027	0.00191106062715428	0	0.00724755691924389	0.00647407555963837	0	0.176965410384573	0.0137597936686726	0.301441264238681	0	0	0	0.00577148331269755	0	0	9999	0.184825179172135	1.03819023512326	0.688766367136668
X18RES04129_1R_T_S_R_RS_T	0	0.0264946872753503	0	0.0696158378759709	0.00887303128798981	0.130446072343426	0	0.00636504200237271	0	0	0.0420478857168172	0.00815728126184498	0.0688805020444203	0	0.019472989780276	0.383888179261682	0	0.0148485779798537	0.365685410199409	0	0	0	9999	0.315872527021309	0.957352435527424	1.14477549702941
X18RES10417_1R_T_S_R_RS_T	0	0.0425248472091415	0	0.0196780890013056	0	0.270536900069613	0.0163600361750027	0.0286731513421803	0	0	0.0545309031599545	0	0.0313408543999634	0	0.0295728552744849	0.350148333190483	0	0.00441892943376246	0.19791322852362	0	0	0.0383102676964389	9999	0.180772348685287	1.00658732760448	1.08400839547595
X18RES13654_1R_T_S_R_RS_T	0	0.0292509734730526	0	0	0	0.104015388247808	0	0.01038663161213	0	0	0.0126684699615474	0.0137441523495985	0.0122015467351406	0.0078125210026094	0	0.0312220057065122	0	0	0.0460671342763327	0	0	0	9999	-0.032657271403215	1.10201939915881	0.267368823364732
X18RES10388_1R_T_S_R_RS_T	0	0.000816580544327133	0	0	0	0.227169665976926	0	0.0380872145596582	0	0	0.00326361341881082	0	0.0220945030398674	0	0.00870474353696634	0.244936535231581	0	0	0.145272721052127	0	0	0	9999	0.0620990451197288	1.06352633238081	0.690345577360264
X18RES13645_1R_T_S_R_RS_T	0.0655956060615553	0.59588519696322	0	0.0505941717657959	0.249351850218146	0.790835084669882	0	0	0	0	0.0111699796314116	0.0687043255014658	0.0541879349593156	0.00369534916849584	0.00898709355703388	0.32791638175684	0	0.000918853213658372	0.0131898033078135	0	0	0	9999	0.493392075199816	0.869373278411359	2.24103163077463
X18RES10413_1R_T_S_R_RS_T	0.062835904130702	0.0731714020497318	0	0.0784936869436749	0.0577092071815982	0.498256528737287	0	0	0	0	0.107096524305306	0	0.0618990046339214	0.0158974827845647	0.188236033718015	0.581287999164601	0	0	0	0	0	0.00996360736785173	9999	0.282182788828515	0.970846805754571	1.73484738101725
X18RES16179_1R_T_S_R_RS_T	0.0246322319284005	0.0592898858675766	0	0.0521821973556278	0	0.161279591990525	0	0.04949698723016	0	0	0.0139759058374094	0	0.0115372544010729	0.014139121599442	0.0306451276393702	0.453899847004076	6.4697760830928e-05	0	0.0731912489334021	0	0	0	9999	0.132791726642981	1.03389436323626	0.944334097547893
X18RES10395_1R_T_S_R_RS_T	0	0.0279292539360485	0.00947843201075816	0.00597484437934389	0.0210851480339484	0.116484764776413	0	0	0	0	0.021584856441318	0	0	0.0926769598772535	0.00102745334995771	0.204346679592516	0	0.00661439178105704	0.041304320982698	0	0	0	9999	0.0839881987555115	1.05979043737246	0.548507105161312
X18RES04254_1R_T_S_R_RS_T	0	0.0737785174744264	0	0.065660049417409	0	0.461081441015776	0.0261014516575888	0.0032266931283739	0	0	0.075729996118417	0	0.0202685789365748	0	0.0481015194831481	0.346048181589438	0	0	0.0881139520960022	0	0	0	9999	0.135024012726086	1.03116345401974	1.20811038091715
X18RES13580_1R_T_S_R_RS_T	0.00131904777202537	0.0304129645244596	0	0.0151956760800061	0	0.161173762485671	0	0.051663662347037	0	0	0.0262381044108084	0	0.0270652290995824	0.0468084074302056	0.0178904114728859	0.110046910730698	0	0.0517691038671643	0.0542322023774718	0	0	0	9999	0.00434374996322125	1.07355474959413	0.593815482598015
X18RES13578_1R_T_S_R_RS_T	0	0	0	0	0	0.109773642136136	0	0.0777389711647052	0	0	0	0.0112586292700669	0.0274857070358801	0.0125045861690511	0.00330333286690112	0.173754452932575	0	0	0.0591824465076845	0	0	0.00220363683919876	9999	0.0223371575696139	1.07728733488048	0.477205404922198
X18RES04410_1R_T_S_R_RS_T	0.00714951239518519	0.0161840147983391	0	0.075799862996598	0	0.0851328966316411	0	0.104938165414321	0	0	0.033824213081955	0.0222149564087195	0.0221326152015215	0.0109112581252716	0.0724363571808407	0.323539982912134	0	0	0.0358341816604838	0	0	0	9999	0.153220483943699	1.0244016746365	0.810098016807011
X18RES10401_1R_T_S_R_RS_T	0	0.011890542092193	0	0.05721027069197	0	0.0844052984941127	0.0414183253325099	0.0536493145807299	0	0	0.0101743608810859	0.00363504395397874	0.00505397069364876	0.0807592261356194	0.0498844984784796	0.119474154959969	0	0.0259464549339851	0.00246591075328932	0	0	0	9999	0.100583822538225	1.04834704027087	0.545967371981571
X18RES13651_1R_T_S_R_RS_T	0.110512787120766	0.202813602670611	0	0.0373861213352511	0.115530379180631	0.384522788063089	0	0.0237204761970253	0	0	0.0545383175565093	0	0.0814955495602604	0.0724674391882397	0.0929599225158937	0.141412265974702	0	0	0.0821766831244205	0	0	0	9999	0.301920714423043	0.961911796361566	1.3995363324874
X18RES10393_1R_T_S_R_RS_T	0	0.00233265548680986	0	0.0124180893908958	0	0.0720931068757513	0	0.0417283423284348	0	0	0.00689685505332575	0.0135029212939146	0.00946129120224908	0.0716829089891732	0.00177288968994082	0.270872324248335	0	0	0.0578404732158977	0	0	0	9999	0.147702644045601	1.04046328696257	0.560601857774728
X18RES09403_1R_T_S_R_RS_T	0.0107354684275334	0.0547842499528756	0	0.269910130357769	0	0.507825409939582	0	0.0743391397786276	0	0	0.00261942910407404	0.132856836704645	0.229732889202256	0	0.0886965617277479	0.596382524677372	0	0.00160944327885289	0.0400157237741299	0	0	0	9999	0.194829439302258	1.00823401491144	2.00950780692546
X18RES10392_1R_T_S_R_RS_T	0	0.0131581116458541	0	0.0584939918516644	0	0.35225853922809	0.0446140848335702	0.00425276944131151	0	0	0.139290887654689	0	0.104490570482373	0.0388555684272528	0.232923606720142	0.28285874903982	0	0.172171632213968	0.0140756359521358	0	0	0.0041076880425897	9999	0.329165553387346	0.954137297175898	1.46155183553346
X18RES04367_1R_T_S_R_RS_T	0	0.0137510539962997	0	0.0581849072670974	0	0.205469255544868	0	0.034516482616322	0	0	0.0160318385305862	0	0.00946157244118684	0	0.0299007921278428	0.452216591024935	0	0	0.0663933062067327	0	0	0.000588284506145513	9999	0.132276414583326	1.03879294369303	0.886514084262016
X18RES10426_1R_T_S_R_RS_T	0	0.0796999779987281	0	0.0641495723199337	0.0265998622288186	0.171696725591584	0	0.0833302756771079	0	0	0.0409639496103764	0	0.0111317359828816	0.41100490780756	0.0276995048364032	0.465510380041016	0	0	0.175344578682279	0	0	0	9999	0.22187306743958	1.00507510526084	1.55713147077669
X18RES13663_1R_T_S_R_RS_T	0.0810117947912066	0.548493231708213	0	0.0173728597219043	0.351702454133666	0.585857598323333	0.0513072822557347	0	0	0	0.116773126143274	0	0.0381841633397126	0	0.0764754470395274	0.315612612485325	0.0127213336779477	0	0.0884512063890473	0	0	0	9999	0.493922555416245	0.869297964873585	2.28396311000889
X18RES10430_2R_T_S_R_RS_T	0	0.209439615796088	0	0.0517255116418683	0	0.31211926682635	0.0164371102436307	0.0746024877737964	0	0	0.0457740417789975	0	0.0428830989728239	0	0.0580333560821549	0.519359381876704	0	0.00454450560897236	0.207408065240244	0	0	0	9999	0.213662223969696	0.992675997670111	1.54232644184163
X18RES04260_1R_T_S_R_RS_T	0.00847794282062636	0.133188369074672	0	0.0873322276292057	0.0476275904697811	0.139353308873551	0	0.0216590242276383	0	0	0	0.0473629670913071	0.0459504523887885	0.0327075951932995	0.0178464233807953	0.274825650774844	0.067202037455175	0	0.290083632801202	0	0	0	9999	0.260581838112625	0.974720183235311	1.21361722218089
X18RES04370_1R_T_S_R_RS_T	0	0.0155229940015725	0	0.0129699016782915	0.00644780296506374	0.0421829560335642	0	0.0720007517944448	0	0	0.0340686872716882	0.000719256077591523	0.00943359506276455	0.288530627642338	0.0403218372969837	0.276828490519204	0	0	0	0.0272383493769381	0	0	9999	0.298709201329286	0.985016985768172	0.826265249720445
X18RES04227_1R_T_S_R_RS_T	0.00461763468074478	0	0	0.0140992524090551	0	0.232105224977523	0.0459261887443117	0	0	0	0.0289042163499802	0	0.0199637796763957	0.0918709360220291	0.0501520051310786	0.533133963990223	0	0.0541748846824333	0.0498429572554685	0	0	0.0167018455665528	9999	0.298720905464828	0.96610965302617	1.1414928894858
X18RES04403_1R_T_S_R_RS_T	0.0160288435160172	0.00741359548440148	0	0.0364384166735228	0	0.357455303072279	0	0	0	0	0.0664591651815419	0	0.0240617551098857	0	0.0356688638315591	0.521960883723413	0.0457827699489846	0	0.15390925161237	0	0	0	9999	0.214816565501636	0.996838254265682	1.26517884815397
X18RES04139_1R_T_S_R_RS_T	0	0.000332670846299434	0	0.0695917593417443	0	0.0502407614203341	0	0.0368474573917543	0	0	0	0.0167372220233295	0.00698627617070477	0.162575806465488	0.050468980709201	0.406265812315782	0	0	0	0.0346104544810527	0	0.00481406156549439	9999	0.212911448247097	1.02267105422875	0.839471262731185
X18RES04258_1R_T_S_R_RS_T	0.00501065399742299	0	0	0	0	0.127075929931354	0	0.00482191074608379	0.00537438282267877	0	0	0.0124268629677349	0.0174427058188857	0.0544329954769771	0.00169407199586785	0.0674457079257543	0.000450231553129699	0	0.0715088397114	0	0.000814900639517948	0	9999	-0.00589932961404446	1.08885993648251	0.368499193586807
X18RES10383_1R_T_S_R_RS_T	0	0.00550455805451623	0	0.0101780225288063	0	0.155430783413191	0	0.0385848124252501	0	0	0.0374600799105994	0.0621702616435558	0.00917289354838255	0.0354277449975333	0.0283273904962123	0.327711143963968	0	0.0234692499716301	0.0273154729925011	0	0	0.0119954771481934	9999	0.0906910020518546	1.05380399196158	0.77274789109434
X18RES16066_1R_T_S_R_RS_T	0	0.0275208766619691	0	0.040451748284131	0	0.319020824372581	0.000423317580219545	0	0	0	0.0733455201325226	0	0.0337668354639329	0.0595064102064638	0.031019178711255	0.269641221451866	0	0	0.128976889806056	0	0	0	9999	0.0492458630409767	1.06139179868864	0.983672822670997
X18RES10405_1R_T_S_R_RS_T	0.0130010970345504	0.0107870454722311	0	0.011267293222334	0	0.300329288096297	0	0	0	0	0.0420603362578385	0	0.0353991390955259	0.00576152774656183	0.0326366115658683	0.435424815315056	0.0297966815303948	0.0140219136760001	0.169671392780756	0	0	0.00500074443514667	9999	0.2435423845392	0.983862832389293	1.10515788622856
X18RES10418_1R_T_S_R_RS_T	0	0.0104282919877039	0	0.0103886064914049	0	0.0877927375961034	0	0.000369707833959626	0	0	0.0157474901439376	0.00758066304621492	0.0223450671890079	0	0.0119540086025484	0.330175764836253	0	0	0.0959959685000466	0	0	0	9999	0.12162453628426	1.04878497435726	0.59277830622718
X18RES04413_1R_T_S_R_RS_T	0.0100838496390597	0	0	0.111278887009588	0.00837269971485641	0.0275715391161767	0	0.053126762354143	0	0	0.0185675965772221	0.0208386505281351	0.0174371930159678	0.131605200260692	0.0386531222349752	0.437293953733176	0.000595930162154536	0	0.0662582822136408	0	0	0	9999	0.266559393803117	0.984278324229736	0.941683666559787
X18RES10428_1R_T_S_R_RS_T	0	0.0869420492384644	0	0.0745399620343716	0	0.307698682438299	0.00175819691315862	0.0789015446120674	0	0	0.102070696219359	0	0.0870287219682018	0.0754270943499732	0.0362897133804363	0.424743548186865	0	0	0.0716004241131742	0	0	0.0253336931973049	9999	0.0950302535271752	1.04253153712139	1.37233432665167
X18RES09402_1R_T_S_R_RS_T	0	0.0093110580061063	0	0.0635152829768075	0.0259880444393569	0.142355128578962	0	0	0	0	0.0200705491885722	0.00852118805445384	0.0301750134564804	0	0	0.337144408951211	0	0	0.158001012507754	0.0150423457028509	0	0	9999	0.0700748878262572	1.06070324762675	0.810124031862555
X18RES04229_1R_T_S_R_RS_T	0	0.00194914265624058	0	0	0	0.0770193063435453	0	0.024573125670695	0.0047183451173657	0	0.0212867102688375	0	0	0.282773616430022	0	0.15669660434721	0	0	0.0261242219605988	0	0	0	9999	0.263546020246732	1.02157811845534	0.595141072794515
X18RES04372_1R_T_S_R_RS_T	0	0.139251001639171	0	0.0205611100901198	0.0929321600681071	0.164016462080362	0.00111796412032964	0.0281708570519516	0	0	0.0852333475820233	0	0.00818096475368211	0	0.0109202220630028	0.345060172010502	0	0	0.190870052870067	0	0	0	9999	0.161026666381469	1.01500684136938	1.08631431432932
X18RES04368_1R_T_S_R_RS_T	0	0.029222760518631	0	0.0564434432565741	0	0.261419969815231	0.0113500180461011	0	0	0	0.0616579668268901	0	0.0639727258371576	0.146050768740934	0.0256695819728252	0.66120938909838	0	0	0.0108620209953484	0	0	0	9999	0.295882309293624	0.972347964040147	1.32785864510807
X18RES10399_1R_T_S_R_RS_T	0	0.0224337148073958	0	0.0354794497974975	0	0.173895560501991	0	0.014174931317669	0	0	0.0284992057875782	0	0.00492276295854199	0	0.0256194918630579	0.408451294572999	0	0	0.113363290985166	0	0	0.00763592006989328	9999	0.134329226159846	1.03401305547006	0.83447562266179
X18RES09394_1R_T_S_R_RS_T	0.102709400851575	0.284883953789998	0	0.075711264523474	0	0.378771603107733	0.013442509245485	0.0357915467955674	0	0	0.0526399724691054	0	0.0721398958134477	0.00939192711996855	0.00669684777905457	0.220524911208118	0	0	0.115011483366016	0	0	0	9999	0.211831669218705	1.00448451370481	1.36771531606954
X18RES04249_1R_T_S_R_RS_T	0.00797345854091849	0.0113392914881639	0	0.0845129239881886	0	0.0221365951215704	0.00818105880849617	0.043786444820806	0	0	0	0.00416658043772866	0	0.227017441667495	0.0374957667476035	0.622550783972667	0	0	0.240176757603163	0	0	0	9999	0.419220555279825	0.911796847148462	1.3093371031968
X18RES16069_1R_T_S_R_RS_T	0	0.0570817302499477	0	0.0249906984537965	0	0.121494293705779	0.0190951080287496	0.0796206204859191	0	0	0.0380031551188608	0	0.00701756345332842	0.125696965625258	0.0562910068332401	0.186657488381211	0	0	0.00680924390199248	0	0	0	9999	0.132912733342861	1.03440187312076	0.722757874238083
X18RES13572_1R_T_S_R_RS_T	0.0129648540351138	0.0475883899234773	0	0.0170867507754191	0	0.180335562621648	0.0138314302549797	0.030100270026474	0	0	0.0637819296640705	0	0.0139337024924851	0.0952558987005819	0.0667605326990821	0.385998002023512	0	0	0	0.0274169042564466	0	0	9999	0.186273063895463	1.01342950525442	0.95505422747329
X18RES10385_1R_T_S_R_RS_T	0	0.0562042425757917	0	0.15126840352278	0	0.340268558425679	0.0259400825145556	0.158494754685492	0	0	0.000617953920153461	0	0.0589376150644021	0	0.149000035512961	0.50526518174298	0	0	0.0544707131812998	0	0	0.00361013145924929	9999	0.270804938715667	0.974945581799253	1.50407767260534
X18RES04887_1R_T_S_R_RS_T	0.00284924153230362	0.0927685357468992	0	0.013383646016613	0	0.288964825629694	0.0285893096567432	0	0.00177094585114629	0	0.0538414118701976	0	0.0353202067525557	0.0534127813002077	0.068398180273795	0.463600909808754	0	0	0.0355442088874849	0	0	0	9999	0.229460407810738	0.991345385019442	1.13844420332639
X18RES09399_1R_T_S_R_RS_T	0	0.0428435319628463	0	0.0720763553536917	0.0627843606532581	0.208705529131836	0	0	0	0	0.0343775238909573	0	0	0	0	0.390201890565398	0	0	0.149353800355398	0	0	0	9999	0.0630455367630913	1.06095544412741	0.960342991913386
X18RES04404_1R_T_S_R_RS_T	0	0.0158404105869926	0	0.0272426158901899	0.0279074670967452	0.117802707843334	0	0.00256330339720513	0	0	0.00809200576662513	0.0301121632368457	0.0129236428644905	0.197813764885608	0.0206250952467334	0.365498565303682	0	0	0.0240275528788958	0	0	0	9999	0.201615993662289	1.02528937466994	0.850449294997348
X18RES04728_1R_T_S_R_RS_T	0	0.0166561773326828	0	0.0295293664228936	0	0.077057936266254	0	0.0766558825204359	0	0	0.0185276060786414	0.0014528146426732	0.018215180030489	0	0.00301833544568245	0.479841306220121	0	0	0.088626894209639	0	0	0.00221584675953327	9999	0.262646989227292	0.986297206007046	0.811797345929045
X18RES04250_1R_T_S_R_RS_T	0	0.00630995432191972	0	0.0359718342869572	0	0.106879170665648	0	0.0351451629418695	0	0	0	0.0151241621388325	0.0157910033251499	0	0.0243764820252911	0.418552165655001	0	0	0.0505753322705533	0	0	0	9999	0.138797430434111	1.04356071800653	0.708725267631222
X18RES04408_1R_T_S_R_RS_T	0	0.0218059347615003	0	0.0147898977892111	0.014460617331821	0.195012398959383	0	0.026804950880382	0	0	0.0194363338177793	0.0224194082528995	0.0353834935956706	0	0.0127070561534464	0.259922597023421	0	0.00305131298291626	0.0683719348945412	0	0	0	9999	0.0588904987152737	1.05886260309492	0.694165936442971
X18RES09404_1R_T_S_R_RS_T	0	0.00267804023921382	0	0.105339218718496	0.0507585488028858	0.118609651471835	0	0.0329897506291407	0	0	0.022552165289144	0	0.00651634734618888	0.000419344355034735	0.0242075995251356	0.359401204558259	0	0	0.109088165764094	0	0	0	9999	0.0573739836798647	1.064333729719	0.832560036699428
X18RES04407_1R_T_S_R_RS_T	0.0152215747839037	0.0357105566435168	0	0.181432133414804	0	0.168955263122359	0	0.0476850777522554	0	0	0	0.0182531332552857	0.0200921257091239	0	0.0310661538970906	0.508733163460439	0.0435650020387507	0.000762065259759934	0.0383438447218237	0	0	0.00195353855798635	9999	0.130573867148982	1.03664582778316	1.1117736326171
X18RES04226_1R_T_S_R_RS_T	0	0	0.00165173027317	0.0163106462580349	0	0.0878398695694411	0	0.0716357392819093	0	0	0.041046944348948	0.00253149781494796	0.02605163916337	0.0475991836017493	0.00152943171691138	0.193041944384655	0	0	0.0358353371732793	0	0	0	9999	0.0510322652883334	1.06843249628398	0.525073963586416
X18RES04412_1R_T_S_R_RS_T	0.000803323129799335	0.0312692219529557	0	0.0744702832432994	0	0.309640094858001	0.0233929130680274	0.0133990717555144	0	0	0.0827890149158738	0	0.0730046650389751	0.00324369233801902	0.0628109556392686	0.256423476247614	0.019252598675412	0	0.0716887480126302	0	0	0	9999	0.0944328596995699	1.0428037863093	1.02218805887539
