Mixture	B cells naive	B cells memory	Plasma cells	T cells CD8	T cells CD4 naive	T cells CD4 memory resting	T cells CD4 memory activated	T cells follicular helper	T cells regulatory (Tregs)	T cells gamma delta	NK cells resting	NK cells activated	Monocytes	Macrophages M0	Macrophages M1	Macrophages M2	Dendritic cells resting	Dendritic cells activated	Mast cells resting	Mast cells activated	Eosinophils	Neutrophils	P-value	Correlation	RMSE	Absolute score (sig.score)
X18RES04138_1R_T_S_R_RS_T	0	0.0316118135389474	0	0.0349789435996769	0	0.137393573108055	0.00768205310959599	0.00427912933949266	0	0	0	0.00716390705459449	0.0221738376014943	0	0.0450384474891651	0.0797981863262947	0.0131298474617189	0	0.0202697634945782	0	0	0.000860416589112033	9999	0.367771349781646	0.930817309766578	0.404379918712726
X18RES13642_1R_T_S_R_RS_T	0.00607695519538275	0.011805354021016	0	0.0145740629084273	0	0.0640945742705529	0.00163473096252258	0.0261572207118597	0	0	0.0170489325610516	0	0.00606885630852204	0.00849905865109996	0.026180666226193	0.134078918481686	0	0	0	0	0	0.00289696923680272	9999	0.356105529581503	0.937204580982049	0.319116299535117
X18RES04220_1R_T_S_R_RS_T	0	0.0032115645981709	0	0.00786363377664319	0	0.0334118941395779	0	0.00994207870251018	0	0	0.00745509319207899	0.00119587175918106	0.0127163116095035	0	0.00271862956476484	0.0637373455065161	0	0	0.0243636350246579	0	0.00186013105873104	0	9999	0.113626724381878	1.03586616100137	0.168476188932336
X18RES10409_1R_T_S_R_RS_T	0	0.00232344420828082	0	0.00767832241561043	0	0.0253971233434909	0	0.00651097242112056	0	0	0.000160181171681499	0.00259387981649007	0.00610129747125691	0.0901463858353661	0.000722658397114464	0.0975950807239438	0	0	0.0172053757485704	0	0	0	9999	0.419651753301655	0.919229532984913	0.256434721552926
X18RES10398_1R_T_S_R_RS_T	0.000991792308503482	0.00232875998031506	0	0.0150057465151928	0	0.154085079014498	0.00379244831707344	0	0	0	0.00447798429046792	0	0.0209531441286765	0	0.0154573947754933	0.0358742420139792	0.00270736864012044	0	0.0132341503967611	0	0.00143399362345612	0	9999	0.2006059897573	1.01985909300272	0.270342104004537
X18RES16182_1R_T_S_R_RS_T	0	0.00331529124261683	0	0.00976095539932938	0	0.0177034752884276	0	0.00436962836834651	0.000530444817486321	0	0.00647574969326984	0	0.00598550753342137	0	0.000286808510634148	0.0555473328391212	3.80353555980415e-05	0	0.0196744634558718	0	0	0.000212054947382474	9999	0.0887007324000371	1.0508977518537	0.123899747451506
X18RES16169_1R_T_S_R_RS_T	0	0.00592696138993703	0	0.0090031799323404	0	0.00801472880967501	0	0.0155627020117409	0.00173053712963319	0	0	0.00986398959140856	0.00409899999126332	0.0590104045023452	0.00608601555771823	0.0304331280254255	0	0	0	0.0161933968425164	0	0	9999	0.35068256917189	0.948424185473333	0.165924043784004
X18RES16067_1R_T_S_R_RS_T	0	0.0361936562446859	0	0.0119466548562762	0	0.0770483970856566	0.00846058534971812	0.0121222186774431	0	0	0.0122174251817028	0	0.00614567470617023	0	0.01562287183118	0.064059415628361	0	0	0.0249570084849244	0	0.00268073475247595	0	9999	0.165404773532572	1.01257727908526	0.271454642798594
X18RES13653_1R_T_S_R_RS_T	0	0.0624576283832961	0	0.00891789735339517	0.0163787232685422	0.0816401800814584	0.00431877647285033	0	0	0	0.0044562288703904	0.00112871297247278	0.00669531616707511	0.00725313916294002	0.0032559108814972	0.0564489203159804	0	0	0.0091356527649319	0	0	0	9999	0.303806596677975	0.962680735036328	0.26208708669483
X18RES16061_1R_T_S_R_RS_T	0.00486061322835882	0.00994663937362854	0	0.00605147556341178	0	0.0449038420374857	0	0.0117690110353171	0	0	0.000312427024989188	0	0.000795738863589384	0	0.00383432471056394	0.110522734048314	0.00683846633823184	0	0.010468543798017	0	0	0	9999	0.21058307608712	1.00598090417211	0.210303816021907
X18RES13656_1R_T_S_R_RS_T	0	0.165458874504476	0	0	0.0382215710969114	0.0989901844708492	0.015621304998149	0	0	0	0.00920168268670768	0	0.0144476777154072	0.00783736022846321	0.00151077269569977	0.0362277238896743	0	0.00163350040277428	0.0117775432599879	0	0.000359451708573741	0	9999	0.410881718362388	0.91752525078295	0.401287647657673
X18RES04251_1R_T_S_R_RS_T	0.0028741498295365	0.00900717705328824	0	0.00568339435736356	0	0.0889174742891902	0.00435920930487584	0.0113605125405413	0	0	0.0242434596861694	0	0.00550860731804187	0.0147054978842637	0.0225752649136824	0.0924865828174888	0	0.0192020988249772	0.024633763871393	0	0	0.0010597341629218	9999	0.170621615974249	1.01187325396511	0.326616926853734
X18RES16164_1R_T_S_R_RS_T	0	0.00127850774088754	0	0.0105895331024299	0	0.046635043391626	0	0	0	0	0	0.00558337810722009	0.0103237832086875	0.00825000210800378	0.0011712381744781	0.0301409015281848	0	0	0.0169086027744999	0	0.00504719826025594	0	9999	0.000279596559840002	1.08299256211172	0.135928188396274
X18RES13652_1R_T_S_R_RS_T	0	0	0	0.00566177602368316	0	0.00759709850208481	0	0.00461146354970447	0	0	0	0.00123977472617059	0	0	0	0.0450621282488835	0	0.000271012824833214	0.0289807861192045	0	0	0.00135798649085239	9999	0.242639576002646	0.998199218531084	0.0947820264854166
X18RES10382_1R_T_S_R_RS_T	0	0	0	0.00947236906768425	0	0.0410214540090386	0	0	0	0	0.000729247264818374	0.00210501209035453	0.000619921078421576	0	0.00385357608656082	0.0714608147912804	0	0	0.031119074565209	0	0	0.0011099251819325	9999	0.184510767442532	1.01416738884228	0.1614913941353
X18RES16068_1R_T_S_R_RS_T	0.000991081964610986	0.00895454687561792	0	0.0105461509679019	0	0.0380641313879962	0	0.00675718119389271	0	0	0.00612876186475328	0.00182269733492769	0.00554058316217617	0.0019168320405919	0.00925246158532595	0.0407781643536558	0.00115235209052129	0	0.0101791159173858	0	0	0	9999	0.0437135750524527	1.06234073351494	0.142084060739358
X18RES04885_1R_T_S_R_RS_T	0	0.0123346870483434	0	0.0132146146362426	0	0.076347256805089	0.00520714899624782	0.00388560911865057	0	0	0.00397221455874794	0	0.0254507449668529	0.00533387697079703	0.0113371275503008	0.0746072601132007	0.0148846941476602	0	0.0145841927946604	0	0	0	9999	0.224130672056565	0.989742599157356	0.261159427706793
X18RES10394_1R_T_S_R_RS_T	0	0.0115963605339672	0	0	0	0.0802519745637286	0.00264087042460253	0.000802527284188146	0	0	0.0167943341255561	0	0.0110061853113041	0	0.0188923680384736	0.110387907616974	0	0	0.025406165346622	0	0	0	9999	0.295671989280394	0.961674639925512	0.277778693245416
X18RES04401_1R_T_S_R_RS_T	0.00121091705082333	0.00152945915156481	0	0.00703391586598911	0	0.0415163019305677	0.000812687761466201	0	0	0	0.00768424094448426	0	0.0026398727179213	0	0.00921917477960668	0.043041026866456	0	0	0.0324596249088459	0	0	0	9999	0.0536596042066704	1.06123112444535	0.147147221977725
X18RES04366_1R_T_S_R_RS_T	8.81064066961961e-05	0.00591563106882183	0	0.0129355837430847	0	0.0287458033722324	0.00634392195971665	0.000277464211108122	0.00172025901371963	0	0.00450061772837426	0	0.0114418378078498	0.000497035569444237	0.00547622789486134	0.0460674863455816	0.000711596664505475	0	0.0138246740718191	0	0	0.000456931350773836	9999	0.0404459886444028	1.05892077193184	0.139003177208589
X18RES13639_1R_T_S_R_RS_T	0.0208119004593634	0.0872981129054678	0	0.00238505879775181	0.0127359901935055	0.198182573602144	0.00727995459032762	0	0	0	0.00653842311824764	0.00146359370608088	0.00968306518599913	0	0.00809356001517566	0.0461816435360137	0	0	0	0	0	0	9999	0.535322815133383	0.844385936529734	0.400653876110077
X18RES10403_1R_T_S_R_RS_T	0.00189141088818999	0.0154328657974388	0	0.00924894742570305	0	0.0668473033006963	0.00820662675623822	0.00527588517355267	0	0	0.00979326126434167	0	0.000504181246051709	0.0392119543564892	0.0115702313695877	0.0342532112697621	0	0	0.00704828485238837	0	0	0	9999	0.149599105066508	1.02739928517509	0.20928416370044
X18RES16043_1R_T_S_R_RS_T	0	0.0195930181100456	0	0.00406752530658585	0	0.0336531440812233	0	0.0234145139664824	0	0	0.0066618035795258	0	0.00541833496483676	0	0.00406188719038884	0.0755625279490825	0	0	0.0541617851725293	0	0	0	9999	0.12393334747051	1.03254993776961	0.2265945403207
X18RES10389_1R_T_S_R_RS_T	0.00078560657385257	0	0	0	0	0.0515583343620493	0	0.00926589162855281	0	0	0	0.0265389132704999	0.00759913065604904	0.0182546180350084	0.0282632157044126	0.0636992507913514	0	0.00197815028263003	0.0289406976591594	0	0	0.000809235809009516	9999	0.221975007328395	0.99529989361775	0.237693044772575
X18RES04369_1R_T_S_R_RS_T	0.0241000128952434	0.0265017851300786	0	0.00921688584971967	0.0192338471505532	0.141520319135998	0	0.000747021825085412	0	0	0.0130802621878575	0	0.0209310998749061	0	0.0178205683675349	0.0971730041351605	0	0	0.00273341902246421	0.00357996408339517	0.00168872580062139	0	9999	0.33129335727978	0.94858030690146	0.378326915458618
X18RES04371_1R_T_S_R_RS_T	0.000189128284891977	0.0200057380371541	0	0.0316320774528878	0	0.106306099699316	0.00409660419232796	0.0218897772509831	0	0	0.0302955415874838	0	0.00349518760833844	0	0.0173076143480314	0.075770892947062	0.00466325820592124	0	0.0149462196998597	0	0	0	9999	0.265595473106419	0.979127223324642	0.330598139314258
X18RES10414_1R_T_S_R_RS_T	0	0.0021409326737139	0	0.00319747196019917	0	0.0403421479996276	0	0.00494810866196248	0	0	0.00436038238605011	3.47113630881335e-05	0	0	0.00833335214031499	0.0778654890771192	0	0.000893547002519072	0.0354807474935345	0	0	0.00275742379842692	9999	0.173542845048998	1.01651135880406	0.180354314556556
X18RES16168_1R_T_S_R_RS_T	0.00294489142302055	0.0420335975203029	0	0	0	0.0899596912100337	0.0118361981297918	0.0164477791789349	0	0	0.013632737270493	0.00175580462692307	0.0213335823012208	0.0296172163631815	0.0317711569044013	0.0600668335290855	0	0	0.00727415925289015	0	0	0	9999	0.267539020994118	0.972887156936472	0.328673647710279
X18RES04364_1R_T_S_R_RS_T	0.01287647725415	0.0128150350245207	0	0.000232643954073537	0	0.0360756096915533	0	0.0103065418217967	0	0	0	0.00460609662977705	0	0.0618258123293014	0.0107784773855174	0.0556067434427297	0	0	0	0.0195011057431246	0	0	9999	0.360177025187288	0.939272347991527	0.224624543276544
X18RES10402_1R_T_S_R_RS_T	0	0.00378040840730976	0.00382070434933129	0.00841535347263262	0	0	0	0.0214601307305684	0.000656689152106039	0	0.00172214584796871	0.00137834117295358	0	0.0337047714348978	0.00282245281958909	0.0635440162315176	0	0	0	0.00156862679445743	0	0	9999	0.188848298868725	1.03374555037581	0.142873640413332
X18RES04129_1R_T_S_R_RS_T	0	0.00287444458463727	0	0.0126410599054965	0.00192980218509357	0.0254729363805372	0	0.00167499900226807	0	0	0.00747458217658164	0.0019113310198193	0.0120720396815657	0	0.00345355755614052	0.0796244994424599	0	0.00306904082605749	0.0766633473456138	0	0	0	9999	0.343905650269413	0.945723832321715	0.228861640106271
X18RES10417_1R_T_S_R_RS_T	0	0.00853640982390795	0	0.00367610209610327	0	0.0599542206642929	0.0078079136341163	0.000907541323860617	0	0	0.0109774657588261	0	0.00400137860393014	0	0.00526771532853412	0.0627398577884069	0	0.0125975653234993	0.0347637353030752	0	0	0.00759271633382585	9999	0.18667233170795	1.00194476110265	0.218822621982379
X18RES13654_1R_T_S_R_RS_T	0	0.00526830642368729	0	0.00129414238163176	0	0.0235678590024897	0	0.000836226185502717	0	0	0.00264186665350945	0.00187017336327701	0.0023326312771521	0.000163307768048264	0	0.00850509182340939	0	0	0.0073425685245281	0	0	0	9999	-0.033706961269145	1.10690409218469	0.0538221734032358
X18RES10388_1R_T_S_R_RS_T	0	0.000291010292084556	0	0	0	0.0462747874340882	0	0.00783086951615522	0	0	0	0.000684714250622077	0.00422425417712478	0	0.00226257039379576	0.0478940502860563	0	0	0.0285849047023107	0	0	0	9999	0.110943199868466	1.04353786892597	0.138047161052238
X18RES13645_1R_T_S_R_RS_T	0	0.134669357039745	0	0	0.0679924970587797	0.136812686947411	0.0126598049911438	0	0	0	0.012228966504916	0.0106306710046896	0.0168652100151829	0	0.00177239347492268	0.0527913565918639	0	0.00254659543706164	0.00590567667397518	0	0.000332805971806924	0	9999	0.494726773254653	0.868581206676107	0.455208021711498
X18RES10413_1R_T_S_R_RS_T	0.0116851129289198	0.0149843245209173	0	0.0157890242287225	0	0.112513537244945	0	0	0	0	0.0256278888386073	0	0.0125488974657846	0.00366253878831895	0.038912586242422	0.116016988971894	0	0	0	0	0	0.00166417371951271	9999	0.280355271954868	0.971852122007602	0.353405072950044
X18RES16179_1R_T_S_R_RS_T	0.00349297968093896	0.0108410083894468	0	0.0104149636937472	0	0.0391522453139464	0	0.0128155429974431	0	0	0.000360355992554925	0.000553793115866299	0.00216248073356606	0.00109615554068317	0.00615750703888278	0.0898685908863744	0.000554252722629555	0	0.0144113371002153	0	0	0	9999	0.147853255692758	1.02770576305298	0.191881213206295
X18RES10395_1R_T_S_R_RS_T	0	0.00520978832633545	0.00322470530992503	0.00181534145190697	0.00336220982682154	0.0238686519841797	0	0	0	0	0.00463895972446338	0	0	0.0190947119209317	0.000410797761224615	0.0411385235300316	0	0.00147326625826761	0.00827093534859881	0	0	0	9999	0.0947460161875192	1.05454002486791	0.112507891442686
X18RES04254_1R_T_S_R_RS_T	0	0.0130364809839991	0	0.016926755091007	0	0.0890053561851823	0.0103225899349289	0.000908804826505351	0	0	0.015296962289379	0	0.00366130463885003	0	0.00893234373174662	0.0617345075400385	0	0	0.0159577381735121	0	0	0	9999	0.136406440986853	1.03186046488735	0.235782843395149
X18RES13580_1R_T_S_R_RS_T	0.00150974738644478	0.00508114331546956	0	0.00160006055478342	0	0.032195193876646	0	0.00987456189255755	0	0	0.00614928032698851	0	0.00461912031880679	0.0100521606155105	0.00510852072876954	0.020467746684771	0	0.00798562748751882	0.01444410930308	0	0.000439710292101216	0	9999	0.00932804212916039	1.07034364864273	0.119526982783448
X18RES13578_1R_T_S_R_RS_T	0	0.00152871565300205	0.000323294356628576	0.000712488130270268	0	0.0276227266830575	0	0.0125710351117077	0	0	0	0.008473596184949	0.00242678769586429	0	0.000525664044335725	0.0309440357577952	0	0	0.00834549084524767	0	0	0.000159436435582345	9999	0.00769994619965299	1.08633573145938	0.0936332708984404
X18RES04410_1R_T_S_R_RS_T	0.00205438832088288	0.00278485839346495	0	0.0145862661860736	0	0.0277689594115619	0	0.0166731707600637	0	0	0.00522504875647945	0.00612160207645687	0.00442920832241221	0.000156096522981312	0.0151597876886368	0.0623554683547076	0	0	0.00640175090056782	0	0	0	9999	0.150285913935173	1.02624106750935	0.163716605694289
X18RES10401_1R_T_S_R_RS_T	0	0.00311378624173354	0	0.011768764880774	0	0.0181497073964335	0.00778608553322218	0.0113636973198925	0	0	0.0025485043064218	0.000716377545074994	0.00110665392344083	0.0157686005455933	0.00964658382701114	0.0224903600805913	0	0.0058147808192064	0.000135379940163764	0	0	0	9999	0.0997795093646246	1.04881941041005	0.110409282359559
X18RES13651_1R_T_S_R_RS_T	0.0368296000508968	0.0147657942031869	0	0.018460929891292	0.0150575078367998	0.0891028282573984	0	0.000228238977278273	0.00202528578426858	0	0.00299053976306581	0.00487214985522905	0.0187817357742257	0.016654641718222	0.020587415642446	0.0222175657195848	0	0	0.017079605436937	0	0	0	9999	0.299668045406692	0.963722504394125	0.279653838910831
X18RES10393_1R_T_S_R_RS_T	0	0.000522436278760079	0	0.00262380231077831	0	0.01823497013946	0	0.00813475171343461	0	0	0	0.00246760239981496	0.00182971414393598	0.0143601723038668	0.000493104482407627	0.0526036306707598	0	0	0.0108840685492557	0	0	0	9999	0.175676609043461	1.02708135526564	0.112154252992474
X18RES09403_1R_T_S_R_RS_T	0.00417289206666749	0.0106234732345437	0	0.050383859895908	0	0.111193336781771	0	0.0143611521344448	0	0	0.0060926571278502	0.0224446400436962	0.0465945032000231	0	0.0184493488135138	0.108536432545891	0	0.000567275481052138	0.00709162599184844	0	0.00508182765893545	0	9999	0.201865675562888	1.0049855421993	0.405593024976145
X18RES10392_1R_T_S_R_RS_T	0	0.00031790709992095	0	0.0148018440365534	0	0.0710977125712041	0.00882652097311164	0.00122228296857967	0	0	0.0278215987537788	0	0.0213382210483519	0.00796006594954369	0.0478768502776276	0.0568091287492209	0	0.0343837414448974	0.00307525521989174	0	0	0	9999	0.335159548434344	0.951926167272113	0.295531129092682
X18RES04367_1R_T_S_R_RS_T	0	0.00247918146695717	0	0.0117762114059354	0	0.0444053276746814	0	0.0064151755757986	0	0	0.00413459680327494	0	0.00192454432779416	0	0.00592674360762708	0.0891709540106754	0	0.000281017196365919	0.0132100927787519	0	0.00174238413388499	0.00015558401304369	9999	0.151318544951994	1.02945162631835	0.181621812994791
X18RES10426_1R_T_S_R_RS_T	0	0.0149500464087566	0	0.0130927655649099	0	0.0415276583812921	0	0.0201214623769835	0	0	0.00643552032809496	0	0.00158875247499197	0.0830489951652231	0.00572129966545156	0.0949491952716756	0	0	0.0356103073259672	0	0	0	9999	0.298885659961675	0.968951624988777	0.317046002963346
X18RES13663_1R_T_S_R_RS_T	0.0164654406498551	0.104772364094726	0	0.0129205653003201	0.0369027828855892	0.158830611598856	0.00934949512239106	0	0	0	0.0159822857683826	0	0.00925405959982152	0.00107395546295652	0.0181497970237768	0.0633971918896413	0.00551172868852782	0	0.0183845588116464	0	0	0	9999	0.497533456709102	0.86749735739975	0.47099483689649
X18RES10430_2R_T_S_R_RS_T	0	0.0412796547326771	0	0.0103127303641585	0	0.0650505258740774	0.000154687967258217	0.0165898763418013	0	0	0.00931033185604912	0	0.00851062760828955	0	0.0118568232096278	0.103582951458283	0	0.00114562718058072	0.0439775097792018	0	0	0	9999	0.220329802169894	0.990361391986808	0.311771346372004
X18RES04260_1R_T_S_R_RS_T	0	0.028353207605454	0	0.0170790719773353	0	0.0452546425015445	0	0.00472497699994961	0	0	0	0.00997036927591826	0.00489711418756445	0.00555926040912618	0.00325831936172799	0.0565433228323407	0.0125556069501094	0.000185512724523136	0.0515517222729765	0	0	0	9999	0.271925408100992	0.969889719794455	0.23993312709857
X18RES04370_1R_T_S_R_RS_T	0.000136037254223247	0.00399719973340651	0	0.00484835031293993	0	0.0358115831764063	0	0.0152211803334077	0	0	0	0.000139258502864505	0	0.0509371091660046	0.00456317413952026	0.0503141556532885	0	0	0.00161984463482124	0	0.00145213477685857	0	9999	0.289513926929369	0.981370905942272	0.169040027683741
X18RES04227_1R_T_S_R_RS_T	0	0.00147357886128649	0	0.00482263182950887	0	0.0451914420130756	0.00895916269851688	0	0	0	0.00518936511789547	0	0.00986462658403334	0.0181977041051947	0.00996926720915876	0.102521076524241	0	0.0106146088127708	0.00998877021150021	0	0	0.00277623646993375	9999	0.305588900340726	0.962061339903134	0.229568470437116
X18RES04403_1R_T_S_R_RS_T	0.000624975987258213	0.00217103602797084	0	0.00781446971332077	0	0.0711358363000918	0	0	0	0	0.0116430913562653	0	0.00546405958501986	0	0.00734763032825216	0.108279448226998	0.00967551209642411	0	0.0311414724964651	0	0	0	9999	0.231996809796361	0.990542999812012	0.255297532118066
X18RES04139_1R_T_S_R_RS_T	0	0.00082097340961307	0	0.0140834482014698	0	0.0115717298723176	0	0.00610143766407739	0	0	0	0.00423845926430553	0.00145958921245173	0.032738304591019	0.0100953271609561	0.0806181057982937	0	0	0	0.00674503092107238	0	0.00120259887362664	9999	0.227430582644786	1.01441481351524	0.169675004969203
X18RES04258_1R_T_S_R_RS_T	0	0.000526617601085841	0	0.0136282136457967	0	0.0163720606528686	0	0.00858159440605616	0	0	0	0.00293324227150974	0.00254559250997797	0.0035120830518999	0	0.0216837180216614	0	0	0.00671505067737965	0	0	0	9999	-0.00788131793948918	1.09721815563511	0.0764981728382359
X18RES10383_1R_T_S_R_RS_T	0	0.00073529204924648	0	0.00218940897207057	0	0.0337536272453316	0	0.00930654556348217	0	0	0.00847015142382452	0.0116784133475612	0.00269020120683125	0.00707557021049699	0.00621266450420579	0.0644183169308514	0	0.004086577643368	0.00672431491943232	0	0.000688066870906284	0.00144758924555935	9999	0.0907584240221965	1.05227598975799	0.159476740133168
X18RES16066_1R_T_S_R_RS_T	0	0.00507790011378884	0	0.00811589344931791	0	0.0638557651932573	0.000738960472623915	0	0	0	0.0128662731396604	0	0.00654014614568318	0.0110533887986664	0.00577504253537383	0.052817344266629	0	0	0.0235999549409025	0	0	0	9999	0.0587107135513331	1.05852073200928	0.190440669055903
X18RES10405_1R_T_S_R_RS_T	0.00110487452493534	0.00237532622281731	0	0.00320654146292349	0	0.0654106781182251	0	0	0	0	0.0106423580229256	0	0.00734290855704224	0	0.00629662605793937	0.0828023213672244	0.00877336205618538	0.00407432673920703	0.0323139994624696	0	0	0.000931917219318856	9999	0.254336745661133	0.978619960616239	0.225275239811214
X18RES10418_1R_T_S_R_RS_T	0	0.0020868097663162	0	0.00204424774612702	0	0.0262365336114964	0	5.47029114676003e-05	0	0	0.00366667944367128	0.000645609023165871	0.00443043252059282	0	0.00198160048134697	0.0557541793767526	0	0	0.0158852200960245	0	0	0	9999	0.118595293499598	1.04270790318985	0.112786014976961
X18RES04413_1R_T_S_R_RS_T	0	0.000657525870665782	0	0.0182599407584234	0	0.0250289167159507	0	0.0107405292682006	0	0	0.00461848587251534	0.000509350197668266	0.000777306002701447	0.0198911987881356	0.0101188383358184	0.0864624096029868	0	0	0.00969834397660403	3.54508770068605e-05	0	0.00116203602931961	9999	0.276254482370072	0.977956362250108	0.187960332295997
X18RES10428_1R_T_S_R_RS_T	0	0.0143007728361863	0	0.00954436647549363	0	0.0606194198777946	0	0.0104712835436366	0	0	0.0044313693245801	0.00244354038612733	0.0108774053755346	0.0388231319469552	0.00371129236399806	0.0977578538277884	0	0.0115590595232395	0.0165096592687934	0	0	0.00332358491003371	9999	0.111639396309613	1.04286788341135	0.284372739660161
X18RES09402_1R_T_S_R_RS_T	0	0.00287932851201256	0	0.0105900758445051	8.70453657334179e-05	0.0377098351624418	0	0	0	0	0.00719103193489851	0	0.00634911274891242	0	0	0.0643692035170532	0	0.000393777776356804	0.033429049083423	0.00315462937612616	0	0	9999	0.0820326891847905	1.0545476728087	0.166153089321463
X18RES04229_1R_T_S_R_RS_T	1.60745433385853e-05	0.000144046558314932	0	0	0	0.0237509102014023	0	0.00648637344095579	0.000796377097034397	0	0.0046696436153209	0	0	0.0500993665057551	0	0.0248197084829623	0	0	0.00485896973878226	0	0	0	9999	0.29635366707247	0.990267217771747	0.115641470183867
X18RES04372_1R_T_S_R_RS_T	0.00264463180250102	0.0237839961625776	0	0.00454239214734456	0.00101587231410829	0.0434343415127996	0.00521276842372668	0.00670407892670448	0	0	0.0197763337796556	0	0.00184374665031911	0	0.00246103458612136	0.0684224408882807	0.0013957776330727	0	0.0400193239635681	0	0	0	9999	0.181208346473693	1.00587622023984	0.22125673879078
X18RES04368_1R_T_S_R_RS_T	0	0.00237540001020417	0	0.0165746701882987	0	0.0581134213412837	0.00480699761981331	0	0	0	0.00864151685334936	0	0.0116038976418208	0.027497398381271	0.00482547958219613	0.122754810181592	0	0	0.000574943773925807	0	0	0	9999	0.297628887724153	0.970782310146346	0.257768535573755
X18RES10399_1R_T_S_R_RS_T	0	0.00485632679734294	0	0.00748185901881762	0	0.0369981866210841	0	0.00273167756595111	0	0	0.00530745096039227	0	0.00103695675750459	0	0.00512029938698918	0.0812006327633086	0	0	0.0225224954516013	0	0	0.00157014621812841	9999	0.162009824164479	1.02216564860926	0.16882603154112
X18RES09394_1R_T_S_R_RS_T	0.0183454094687822	0.0710746893720989	0	0.0055453556473135	0	0.0672080265635547	0.00191052314326697	0.00917649107622686	0	0	0.0152080087380946	0	0.00204374796460173	0	0.00472574764989571	0.0638727453911446	0	0	0.0114265992098284	0	0	0	9999	0.22926254178194	1.00016077362747	0.270537344224808
X18RES04249_1R_T_S_R_RS_T	0.00170160110056406	0	0	0.0144108802129013	0	0.0150018124189924	0.0011281799850199	0.00651194961125787	0	0	1.79021716140898e-05	0.00157583606364187	0	0.0445778815940992	0.00740728381292039	0.126380279284555	0	0	0.0477690648128478	0	0	0	9999	0.444989535923687	0.897267570182539	0.266482671068414
X18RES16069_1R_T_S_R_RS_T	0	0.0104690499168512	0	0.005181543917908	0	0.0284303671856045	0.00407748893401444	0.0162575272825559	0	0	0.00721820993116083	0	9.56968598519439e-05	0.0244763788633523	0.0105241131878972	0.0394557936594654	0	0	0.00103634387021111	0	0	0	9999	0.144832123726699	1.03046548564031	0.147222513608873
X18RES13572_1R_T_S_R_RS_T	0.00178453001273495	0.00929294393221531	0	0.00331082620674547	0	0.0393147340959237	0.00160369983537008	0.00654281384862034	0	0	0.0103259921064756	0	0.00275927836605722	0.0172386045478114	0.0126718366658588	0.0746536048492484	0	0.00143919419412841	0	0.00522313411186761	0	0	9999	0.191541339052346	1.01114381900689	0.186161192773057
X18RES10385_1R_T_S_R_RS_T	0	0.00979195071812941	0	0.0279309988305895	0	0.0727960597590492	0.00411595898620843	0.0345221903475781	0	0	0	0	0.0110250179913402	0	0.0297225497583131	0.102400329846723	0	0	0.0108328473733025	0	0	0.000729786396419127	9999	0.306471425380371	0.959659684143898	0.303867690007653
X18RES04887_1R_T_S_R_RS_T	0.00117090776227794	0.0130441538255368	0	0.00420608919734886	0	0.0619104604336089	0.00583123804675828	0	0.00290638588855234	0	0.00948902280126689	0	0.00731718642910334	0.0109543192381932	0.0140048994420787	0.0941890386199101	0	0	0.00772313842251103	0	0	0	9999	0.235045425120801	0.989509881533579	0.232746840107146
X18RES09399_1R_T_S_R_RS_T	0	0.00415401099482476	0.000667531915472851	0.0157432424365218	0.0124794077272475	0.0440465661069709	0	0	0	0	0.00793621235342402	0	0	0	0	0.0765397632035668	0	0.00181289571689139	0.0313774908450335	0	0	0	9999	0.0674472601700811	1.05965855930507	0.194757121299953
X18RES04404_1R_T_S_R_RS_T	0	0.00370883986588338	0	0.00562878547521707	0.0040636586110297	0.0251120749245342	0	0	0	0	0.00201799656166015	0.00536418629887142	0.00236821028986798	0.0419681300547488	0.0042308793123671	0.0744983363933049	0	0	0.00505201805038671	0	0	0	9999	0.206297088921719	1.02460822774435	0.174013115837871
X18RES04728_1R_T_S_R_RS_T	0	0.00308038716588231	0	0.00304379648092213	0	0.0139951277816285	0	0.00574994705391712	0	0	0	0.00272754176756688	0.00831203575115866	0.00382924929412122	0	0.104197265885268	0	0.000182318231369106	0.0163361821709368	0	0	0.00235077297568875	9999	0.291682610273291	0.98037193324979	0.16380462455846
X18RES04250_1R_T_S_R_RS_T	0	0.000898230957225892	0	0.00696325159836484	0	0.0226312579677272	0	0.00619917529880504	0	0	0	0.00268881622568157	0.00285534646395362	0	0.00501515025946557	0.0871649959204723	0	0	0.00919237993600626	0	0	0	9999	0.144687579923938	1.04382767160556	0.143608604627702
X18RES04408_1R_T_S_R_RS_T	0	0.00409423210646368	0	0.0034148244129601	0	0.0398192498305901	0	0.00595266389445252	0	0	0.000768569212016546	0.00517405488478931	0.00658598540873607	0	0.00261553793230092	0.0557824307835877	0	0.000684781131147868	0.0138721158432369	0	0	0.00056218211492794	9999	0.0743157647461624	1.05418360030886	0.13932662755521
X18RES09404_1R_T_S_R_RS_T	0	0	0.000211976941493435	0.0217740224834049	0.00800158468695118	0.0224603955337782	0	0.0104019897285987	0	0	0.00447085815131451	0	0.00148346245846749	0	0.00515957846539139	0.0709023318242792	0.00316463811101568	0	0.0226855668445101	0	0	0	9999	0.06169700748286	1.06108967319198	0.170716405229205
X18RES04407_1R_T_S_R_RS_T	0.00388561993820832	0.00595848490602991	0	0.0327642084315599	0	0.0538865360328435	0	0.00514624022688546	0	0	0.00370407398059461	0	0.00393000185141404	0	0.00558677133786773	0.0883079767107372	0.0121958048383401	0.000669357323144524	0.00691031641203818	0	0	0.000702458958986517	9999	0.148834605789942	1.02793992042743	0.22364785094865
X18RES04226_1R_T_S_R_RS_T	0	0.00106942417990026	0.000125932696200142	0.00291979319577579	0	0.0243363690459462	0	0.015174987942515	0	0	0.00656091629944665	0.00124703475501868	0.00467482299041564	0.00678629344802904	0.000171017939892912	0.0387800974274282	0	0	0.00355694936249617	0	0	0	9999	0.0397015026104773	1.07656717032299	0.105403639283065
X18RES04412_1R_T_S_R_RS_T	0.000282470520327536	0.00557312465514292	0	0.0151499662546561	0	0.0674329918590335	0.00376370842088923	0.00361827627732209	0	0	0.0114122923482237	0	0.0149618780468821	0	0.0124788507040557	0.0527186987357194	0.00404442078293291	0	0.0144154474137738	0	6.74931536486374e-05	0	9999	0.146156290419113	1.02353268888275	0.205919619172608
